
=== Results ===
 version       MCC       F1  Threshold
       1 -0.090533 0.440000     0.5000
       2  0.063563 0.650794     0.5000
       3  0.087301 0.601770     0.5125
       4  0.070336 0.645161     0.4500
       5  0.101660 0.587156     0.4250
       6  0.000000 0.000000     0.3500
       7 -0.032132 0.475248     0.5125
       8 -0.037012 0.518519     0.4375
       9  0.077684 0.581818     0.3875
      10  0.139352 0.692308     0.2250

=== Summary ===
           MCC        F1  Threshold
mean  0.038022  0.519277   0.430000
std   0.073439  0.198964   0.090753