
=== Results ===
 version       MCC       F1  Threshold
       1 -0.075879 0.530973     0.5250
       2 -0.135204 0.622222     0.4500
       3 -0.063347 0.480769     0.5000
       4  0.082171 0.686567     0.4000
       5  0.024403 0.699301     0.3625
       6  0.035216 0.671642     0.6125
       7  0.062712 0.700000     0.3875
       8  0.000000 0.000000     0.4625
       9 -0.020110 0.680851     0.4500
      10 -0.140998 0.508772     0.4875

=== Summary ===
           MCC        F1  Threshold
mean -0.023104  0.558110   0.463750
std   0.078541  0.213248   0.073231